Tech00-B01-R01;Target1;205;204;109;209;108;202;100;110;201;105;211;200;107;110;101;208;106;210;203;211;210;104;111;206;111;102;103;207;
Tech00-B01-R01;Target2;105;104;209;109;208;102;200;211;101;205;111;100;207;210;201;108;206;111;103;110;110;204;210;106;211;202;203;107;
Tech00-B01-R01;AllTargets;(205, 105);(204, 104);(109, 209);(209, 109);(108, 208);(202, 102);(100, 200);(110, 211);(201, 101);(105, 205);(211, 111);(200, 100);(107, 207);(110, 210);(101, 201);(208, 108);(106, 206);(210, 111);(203, 103);(211, 110);(210, 110);(104, 204);(111, 210);(206, 106);(111, 211);(102, 202);(103, 203);(207, 107);
Tech00-B01-R01;RamdonSeq;19;18;9;23;8;16;0;12;15;5;25;14;7;10;1;22;6;27;17;26;24;4;13;20;11;2;3;21;

Tech00-B01-R01;Target1;200;103;206;106;107;207;210;102;201;203;205;211;204;209;211;202;109;111;110;110;111;210;105;108;100;208;101;104;
Tech00-B01-R01;Target2;100;203;106;206;207;107;110;202;101;103;105;110;104;109;111;102;209;210;210;211;211;111;205;208;200;108;201;204;
Tech00-B01-R01;AllTargets;(200, 100);(103, 203);(206, 106);(106, 206);(107, 207);(207, 107);(210, 110);(102, 202);(201, 101);(203, 103);(205, 105);(211, 110);(204, 104);(209, 109);(211, 111);(202, 102);(109, 209);(111, 210);(110, 210);(110, 211);(111, 211);(210, 111);(105, 205);(108, 208);(100, 200);(208, 108);(101, 201);(104, 204);
Tech00-B01-R01;RamdonSeq;14;3;20;6;7;21;24;2;15;17;19;26;18;23;25;16;9;13;10;12;11;27;5;8;0;22;1;4;

