Tech00-B01-R01;Target1;206;100;106;101;105;207;201;107;202;206;203;106;205;204;107;103;200;104;207;102;
Tech00-B01-R01;Target2;107;200;207;201;205;106;101;206;102;106;103;206;105;104;207;203;100;204;107;202;
Tech00-B01-R01;AllTargets;(206, 107);(100, 200);(106, 207);(101, 201);(105, 205);(207, 106);(201, 101);(107, 206);(202, 102);(206, 106);(203, 103);(106, 206);(205, 105);(204, 104);(107, 207);(103, 203);(200, 100);(104, 204);(207, 107);(102, 202);
Tech00-B01-R01;RamdonSeq;18;0;8;1;5;19;11;9;12;16;13;6;15;14;7;3;10;4;17;2;

Tech02-B01-R01;Target1;204;107;202;102;205;106;201;203;103;200;206;106;206;207;105;104;107;207;100;101;
Tech02-B01-R01;Target2;104;207;102;202;105;206;101;103;203;100;107;207;106;106;205;204;206;107;200;201;
Tech02-B01-R01;AllTargets;(204, 104);(107, 207);(202, 102);(102, 202);(205, 105);(106, 206);(201, 101);(203, 103);(103, 203);(200, 100);(206, 107);(106, 207);(206, 106);(207, 106);(105, 205);(104, 204);(107, 206);(207, 107);(100, 200);(101, 201);
Tech02-B01-R01;RamdonSeq;14;7;12;2;15;6;11;13;3;10;18;8;16;19;5;4;9;17;0;1;

