2021/8/27 14:08:52
uid;1;Tec;0;0;0;0;0;0;0;0;0;0;
uid;1;Pos;0;0;0;0;0;0;0;0;0;0;
uid;1;Ori;0;0;0;0;0;1;1;1;1;1;
uid;1;Ang;0;1;2;3;4;4;3;2;1;0;

2021/8/29 14:24:50
uid;9;Tec;0;0;0;0;0;0;0;0;0;0;
uid;9;Pos;0;0;0;0;0;0;0;0;0;0;
uid;9;Ori;1;1;1;1;1;0;0;0;0;0;
uid;9;Ang;0;1;2;3;4;4;3;2;1;0;

2021/8/29 14:25:29
uid;11;Tec;0;0;0;0;0;0;0;0;0;0;
uid;11;Pos;0;0;0;0;0;0;0;0;0;0;
uid;11;Ori;0;0;0;0;0;1;1;1;1;1;
uid;11;Ang;0;1;2;3;4;4;3;2;1;0;

2021/8/29 14:26:09
uid;1;Tec;2;2;2;2;2;2;2;2;2;2;
uid;1;Pos;0;0;0;0;0;0;0;0;0;0;
uid;1;Ori;0;0;0;0;0;1;1;1;1;1;
uid;1;Ang;0;1;2;3;4;4;3;2;1;0;

2021/8/29 14:27:48
uid;7;Tec;0;0;0;0;0;0;0;0;0;0;
uid;7;Pos;0;0;0;0;0;0;0;0;0;0;
uid;7;Ori;1;1;1;1;1;0;0;0;0;0;
uid;7;Ang;0;1;2;3;4;4;3;2;1;0;

2021/8/29 14:28:21
uid;8;Tec;0;0;0;0;0;0;0;0;0;0;
uid;8;Pos;0;0;0;0;0;0;0;0;0;0;
uid;8;Ori;0;0;0;0;0;1;1;1;1;1;
uid;8;Ang;0;1;2;3;4;4;3;2;1;0;

2021/8/29 14:29:50
uid;9;Tec;2;2;2;2;2;2;2;2;2;2;
uid;9;Pos;0;0;0;0;0;0;0;0;0;0;
uid;9;Ori;0;0;0;0;0;1;1;1;1;1;
uid;9;Ang;0;1;2;3;4;4;3;2;1;0;

2021/8/29 14:36:19
uid;1;Tec;0;0;0;0;0;0;0;0;0;0;
uid;1;Pos;0;0;0;0;0;0;0;0;0;0;
uid;1;Ori;0;0;0;0;0;1;1;1;1;1;
uid;1;Ang;0;1;2;3;4;4;3;2;1;0;

