2021/8/18 16:36:06
All block conditions of user320
Posture:
1;1;1;1;1;1;1;1;1;1;0;0;0;0;0;0;0;0;0;0;2;2;2;2;2;2;2;2;2;2;
Orientation: 
1;1;1;1;1;0;0;0;0;0;0;0;0;0;0;1;1;1;1;1;1;1;1;1;1;0;0;0;0;0;
Shape:
2;2;1;0;0;0;0;1;2;2;2;2;1;0;0;0;0;1;2;2;2;2;1;0;0;0;0;1;2;2;
Angle:
4;3;2;1;0;0;1;2;3;4;4;3;2;1;0;0;1;2;3;4;4;3;2;1;0;0;1;2;3;4;


2021/8/18 16:36:08
B01;NDH_hi_DH_0i;landscape;convex;270;
B01;convex;180;


Tech00-B01-R01;Target1;104;204;111;110;102;202;205;100;210;105;110;211;200;109;206;203;211;207;201;103;107;209;208;210;106;101;108;111;
Tech00-B01-R01;Target2;204;104;210;210;202;102;105;200;111;205;211;111;100;209;106;103;110;107;101;203;207;109;108;110;206;201;208;211;
Tech00-B01-R01;AllTargets;(104, 204);(204, 104);(111, 210);(110, 210);(102, 202);(202, 102);(205, 105);(100, 200);(210, 111);(105, 205);(110, 211);(211, 111);(200, 100);(109, 209);(206, 106);(203, 103);(211, 110);(207, 107);(201, 101);(103, 203);(107, 207);(209, 109);(208, 108);(210, 110);(106, 206);(101, 201);(108, 208);(111, 211);
Tech00-B01-R01;RamdonSeq;4;18;13;10;2;16;19;0;27;5;12;25;14;9;20;17;26;21;15;3;7;23;22;24;6;1;8;11;

Tech00-B01-R01-T01-N01;1;104;204;False;False;False;drag_1_failed_to_arrive_junction;-1629329769614;-1629329769614;0;365;0;0;0;0;(792.0, 477.5);(648.0, 2722.2);(770.8, 477.5);(1136.5, 670.5);(0.0, 0.0);(0.0, 0.0);(792.0, 477.5);(0.0, 0.0);(0.0, 0.0);(0.0, 0.0);None;1#104#204#792.0072#477.5201#1629329769614#1629329769979#0#0#770.7937#477.4603#1136.508#670.4762#792.0072#477.5201#0#0#;1#104#204#647.9928#2722.189#0#0#0#0#0#0#0#0#0#0#0#0#;convex;180;
Tech00-B01-R01-T02-N02;2;204;104;False;False;False;drag_1_failed_to_arrive_junction;-1629329772515;-1629329772515;0;570;0;0;0;0;(648.0, 2722.2);(792.0, 477.5);(635.6, 2735.6);(323.2, 1967.3);(0.0, 0.0);(0.0, 0.0);(648.0, 2722.2);(0.0, 0.0);(0.0, 0.0);(0.0, 0.0);None;2#204#104#647.9928#2722.189#1629329772515#1629329773085#0#0#635.5673#2735.62#323.1662#1967.282#647.9928#2722.189#0#0#;2#204#104#792.0072#477.5201#0#0#0#0#0#0#0#0#0#0#0#0#;convex;180;
Tech00-B01-R01-T03-N03;3;111;210;False;False;False;drag_1_failed_to_arrive_junction;-1629329774435;-1629329774435;0;635;0;0;0;0;(143.9, 159.9);(1296.1, 159.9);(212.1, 172.7);(1136.5, 497.8);(0.0, 0.0);(0.0, 0.0);(143.9, 159.9);(0.0, 0.0);(0.0, 0.0);(0.0, 0.0);None;3#111#210#143.9424#159.8559#1629329774435#1629329775070#0#0#212.0635#172.6984#1136.508#497.7778#143.9424#159.8559#0#0#;3#111#210#1296.058#159.8559#0#0#0#0#0#0#0#0#0#0#0#0#;convex;180;
Tech00-B01-R01-T04-N04;4;110;210;True;True;True;direct_drag_success;3299;1024;994;1024;994;2275;2266;9;(143.9, 3040.1);(1296.1, 159.9);(161.3, 3057.8);(1461.6, 2062.2);(78.3, 2034.8);(1370.1, 135.1);(143.9, 3040.1);(1444.3, 2044.6);(4.3, 2044.6);(1262.3, 178.6);None;4#110#210#143.9424#3040.144#1629329776368#1629329777392#1629329777392#1629329779667#161.2699#3057.778#1461.587#2062.222#143.9424#3040.144#1444.26#2044.589#;4#110#210#1296.058#159.8559#1629329778668#1629329779662#1629329777396#1629329779662#78.31136#2034.828#1370.132#135.0923#4.259949#2044.589#1262.307#178.6255#;convex;180;
Tech00-B01-R01-T05-N05;5;102;202;False;False;False;drag_1_failed_to_arrive_junction;-1629329781032;-1629329781032;0;375;0;0;0;0;(143.9, 1600.0);(1296.1, 1600.0);(242.5, 1635.6);(953.7, 1381.6);(0.0, 0.0);(0.0, 0.0);(143.9, 1600.0);(0.0, 0.0);(0.0, 0.0);(0.0, 0.0);None;5#102#202#143.9424#1600#1629329781032#1629329781407#0#0#242.5397#1635.556#953.6508#1381.587#143.9424#1600#0#0#;5#102#202#1296.058#1600#0#0#0#0#0#0#0#0#0#0#0#0#;convex;180;
Tech00-B01-R01-T06-N06;6;202;102;False;False;False;drag_1_failed_to_arrive_junction;-1629329782915;-1629329782915;0;311;0;0;0;0;(1296.1, 1600.0);(143.9, 1600.0);(1235.0, 1562.0);(728.4, 1156.7);(0.0, 0.0);(0.0, 0.0);(1296.1, 1600.0);(0.0, 0.0);(0.0, 0.0);(0.0, 0.0);None;6#202#102#1296.058#1600#1629329782915#1629329783226#0#0#1235.04#1562.005#728.4433#1156.728#1296.058#1600#0#0#;6#202#102#143.9424#1600#0#0#0#0#0#0#0#0#0#0#0#0#;convex;180;
