
2021/8/14 0:56:49
B01;NDH_hi_DH_0i;landscape;convex;270;
B01;convex;180;

B01-R01;Target1;207;203;205;201;110;208;109;101;210;111;111;105;204;103;211;211;200;100;102;106;209;107;110;206;202;108;104;210;
B01-R01;Target2;107;103;105;101;211;108;209;201;111;210;211;205;104;203;110;111;100;200;202;206;109;207;210;106;102;208;204;110;
B01-R01;AllTargets;(207, 107);(203, 103);(205, 105);(201, 101);(110, 211);(208, 108);(109, 209);(101, 201);(210, 111);(111, 210);(111, 211);(105, 205);(204, 104);(103, 203);(211, 110);(211, 111);(200, 100);(100, 200);(102, 202);(106, 206);(209, 109);(107, 207);(110, 210);(206, 106);(202, 102);(108, 208);(104, 204);(210, 110);
B01-R01;RamdonSeq;21;17;19;15;12;22;9;1;27;13;11;5;18;3;26;25;14;0;2;6;23;7;10;20;16;8;4;24;

;0;0;0;False;False;False;0;0;0;0;0;0;(0.0, 0.0);(0.0, 0.0);0;0;0;0;0;0;0;0;0;0;T1NoError;T2NoError;convex;180;
;0;0;0;False;False;False;0;0;0;0;0;0;(0.0, 0.0);(0.0, 0.0);0;0;0;0;0;0;0;0;0;0;T1NoError;T2NoError;convex;180;
;0;0;0;False;False;False;0;0;0;0;0;0;(0.0, 0.0);(0.0, 0.0);0;0;0;0;0;0;0;0;0;0;T1NoError;T2NoError;convex;180;
;0;0;0;False;False;False;0;0;0;0;0;0;(0.0, 0.0);(0.0, 0.0);0;0;0;0;0;0;0;0;0;0;T1NoError;T2NoError;convex;180;
;0;0;0;False;False;False;0;0;0;0;0;0;(0.0, 0.0);(0.0, 0.0);0;0;0;0;0;0;0;0;0;0;T1NoError;T2NoError;convex;180;
;0;0;0;False;False;False;0;0;0;0;0;0;(0.0, 0.0);(0.0, 0.0);0;0;0;0;0;0;0;0;0;0;T1NoError;T2NoError;convex;180;
;0;0;0;False;False;False;0;0;0;0;0;0;(0.0, 0.0);(0.0, 0.0);0;0;0;0;0;0;0;0;0;0;T1NoError;T2NoError;convex;180;
;0;0;0;False;False;False;0;0;0;0;0;0;(0.0, 0.0);(0.0, 0.0);0;0;0;0;0;0;0;0;0;0;T1NoError;T2NoError;convex;180;
;0;0;0;False;False;False;0;0;0;0;0;0;(0.0, 0.0);(0.0, 0.0);0;0;0;0;0;0;0;0;0;0;T1NoError;T2NoError;convex;180;
;0;0;0;False;False;False;0;0;0;0;0;0;(0.0, 0.0);(0.0, 0.0);0;0;0;0;0;0;0;0;0;0;T1NoError;T2NoError;convex;180;
;0;0;0;False;False;False;0;0;0;0;0;0;(0.0, 0.0);(0.0, 0.0);0;0;0;0;0;0;0;0;0;0;T1NoError;T2NoError;convex;180;
;0;0;0;False;False;False;0;0;0;0;0;0;(0.0, 0.0);(0.0, 0.0);0;0;0;0;0;0;0;0;0;0;T1NoError;T2NoError;convex;180;
;0;0;0;False;False;False;0;0;0;0;0;0;(0.0, 0.0);(0.0, 0.0);0;0;0;0;0;0;0;0;0;0;T1NoError;T2NoError;convex;180;
;0;0;0;False;False;False;0;0;0;0;0;0;(0.0, 0.0);(0.0, 0.0);0;0;0;0;0;0;0;0;0;0;T1NoError;T2NoError;convex;180;
