2021/8/12 0:16:44
All block conditions of user1
Posture:
0;0;0;0;0;0;0;0;0;0;1;1;1;1;1;1;1;1;1;1;2;2;2;2;2;2;2;2;2;2;
Orientation: 
0;0;0;0;0;1;1;1;1;1;1;1;1;1;1;0;0;0;0;0;0;0;0;0;0;1;1;1;1;1;
Shape:
0;0;1;2;2;2;2;1;0;0;0;0;1;2;2;2;2;1;0;0;0;0;1;2;2;2;2;1;0;0;
Angle:
0;1;2;3;4;4;3;2;1;0;0;1;2;3;4;4;3;2;1;0;0;1;2;3;4;4;3;2;1;0;

2021/8/13 18:18:37
All block conditions of user1
Posture:
0;0;0;0;0;0;0;0;0;0;1;1;1;1;1;1;1;1;1;1;2;2;2;2;2;2;2;2;2;2;
Orientation: 
0;0;0;0;0;1;1;1;1;1;1;1;1;1;1;0;0;0;0;0;0;0;0;0;0;1;1;1;1;1;
Shape:
0;0;1;2;2;2;2;1;0;0;0;0;1;2;2;2;2;1;0;0;0;0;1;2;2;2;2;1;0;0;
Angle:
0;1;2;3;4;4;3;2;1;0;0;1;2;3;4;4;3;2;1;0;0;1;2;3;4;4;3;2;1;0;

2021/8/14 1:54:48
All block conditions of user1
Posture:
0;0;0;0;0;0;0;0;0;0;1;1;1;1;1;1;1;1;1;1;2;2;2;2;2;2;2;2;2;2;
Orientation: 
0;0;0;0;0;1;1;1;1;1;1;1;1;1;1;0;0;0;0;0;0;0;0;0;0;1;1;1;1;1;
Shape:
0;0;1;2;2;2;2;1;0;0;0;0;1;2;2;2;2;1;0;0;0;0;1;2;2;2;2;1;0;0;
Angle:
0;1;2;3;4;4;3;2;1;0;0;1;2;3;4;4;3;2;1;0;0;1;2;3;4;4;3;2;1;0;

