2021/8/19 22:57:06
All block conditions of user1140
Posture:
2;2;2;2;2;2;2;2;2;2;1;1;1;1;1;1;1;1;1;1;0;0;0;0;0;0;0;0;0;0;
Orientation: 
1;1;1;1;1;0;0;0;0;0;0;0;0;0;0;1;1;1;1;1;1;1;1;1;1;0;0;0;0;0;
Shape:
2;2;1;0;0;0;0;1;2;2;2;2;1;0;0;0;0;1;2;2;2;2;1;0;0;0;0;1;2;2;
Angle:
4;3;2;1;0;0;1;2;3;4;4;3;2;1;0;0;1;2;3;4;4;3;2;1;0;0;1;2;3;4;


2021/8/19 22:57:15
B10;NDH_h0_DH_0i;protrait;convex;270;
B10;convex;180;


Tech00-B10-R01;Target1;200;105;107;206;110;104;210;203;106;205;210;111;209;204;100;103;202;211;111;110;102;101;108;211;109;208;201;207;
Tech00-B10-R01;Target2;100;205;207;106;211;204;111;103;206;105;110;211;109;104;200;203;102;111;210;210;202;201;208;110;209;108;101;107;
Tech00-B10-R01;AllTargets;(200, 100);(105, 205);(107, 207);(206, 106);(110, 211);(104, 204);(210, 111);(203, 103);(106, 206);(205, 105);(210, 110);(111, 211);(209, 109);(204, 104);(100, 200);(103, 203);(202, 102);(211, 111);(111, 210);(110, 210);(102, 202);(101, 201);(108, 208);(211, 110);(109, 209);(208, 108);(201, 101);(207, 107);
Tech00-B10-R01;RamdonSeq;14;5;7;20;12;4;27;17;6;19;24;11;23;18;0;3;16;25;13;10;2;1;8;26;9;22;15;21;

Tech00-B10-R01-T01-N01;1;200;100;True;True;True;direct_drag_success;3894;938;1264;938;1264;2956;2939;17;(640.0, 491.5);(800.0, 2708.5);(724.3, 457.1);(94.7, 1095.4);(1358.3, 1125.5);(745.2, 2712.9);(640.0, 491.5);(10.4, 1129.8);(1450.4, 1129.8);(837.2, 2717.2);None;1#200#100#640#491.4875#1629439037832#1629439038770#1629439038770#1629439041726#724.3126#457.1429#94.66306#1095.418#640#491.4875#10.35041#1129.762#;1#200#100#800.0001#2708.512#1629439040454#1629439041718#1629439038779#1629439041718#1358.32#1125.459#745.1968#2712.861#1450.35#1129.762#837.2271#2717.164#;convex;180;
Tech00-B10-R01-T02-N02;2;105;205;True;True;True;direct_drag_success;3261;921;947;921;947;2340;2325;15;(1120.0, 2154.3);(320.0, 1045.7);(1072.8, 2175.3);(1425.5, 1763.8);(94.7, 1802.7);(396.5, 1129.9);(1120.0, 2154.3);(1472.8, 1742.7);(32.8, 1742.7);(334.6, 1069.9);None;2#105#205#1120#2154.256#1629439042908#1629439043829#1629439043829#1629439046169#1072.756#2175.328#1425.512#1763.78#1120#2154.256#1472.756#1742.708#;2#105#205#320#1045.744#1629439045215#1629439046162#1629439043837#1629439046162#94.66306#1802.695#396.5498#1129.919#32.75595#1742.708#334.6427#1069.932#;convex;180;
Tech00-B10-R01-T03-N03;3;107;207;True;True;True;direct_drag_success;4472;1112;1282;1112;1282;3360;3351;9;(800.0, 1600.0);(640.0, 1600.0);(753.6, 1595.8);(1375.1, 1453.0);(34.3, 1474.9);(655.3, 1630.2);(800.0, 1600.0);(1421.5, 1457.2);(-18.5, 1457.2);(602.5, 1612.5);None;3#107#207#800.0001#1600#1629439047751#1629439048863#1629439048863#1629439052223#753.5958#1595.801#1375.118#1453.018#800.0001#1600#1421.522#1457.218#;3#107#207#640#1600#1629439050939#1629439052221#1629439048870#1629439052221#34.2857#1474.933#655.3099#1630.189#-18.47763#1457.218#602.5465#1612.474#;convex;180;
