2021/8/19 13:49:32
All block conditions of user255
Posture:
2;2;2;2;2;2;2;2;2;2;0;0;0;0;0;0;0;0;0;0;1;1;1;1;1;1;1;1;1;1;
Orientation: 
1;1;1;1;1;0;0;0;0;0;0;0;0;0;0;1;1;1;1;1;1;1;1;1;1;0;0;0;0;0;
Shape:
0;0;1;2;2;2;2;1;0;0;0;0;1;2;2;2;2;1;0;0;0;0;1;2;2;2;2;1;0;0;
Angle:
0;1;2;3;4;4;3;2;1;0;0;1;2;3;4;4;3;2;1;0;0;1;2;3;4;4;3;2;1;0;


2021/8/19 13:49:36
B01;NDH_h0_DH_0i;landscape;concave;90;
B01;concave;180;


Tech02-B01-R01;Target1;108;211;201;101;200;107;209;110;100;208;109;205;207;211;104;110;210;105;202;106;103;102;206;111;203;111;210;204;
Tech02-B01-R01;Target2;208;110;101;201;100;207;109;210;200;108;209;105;107;111;204;211;111;205;102;206;203;202;106;210;103;211;110;104;
Tech02-B01-R01;AllTargets;(108, 208);(211, 110);(201, 101);(101, 201);(200, 100);(107, 207);(209, 109);(110, 210);(100, 200);(208, 108);(109, 209);(205, 105);(207, 107);(211, 111);(104, 204);(110, 211);(210, 111);(105, 205);(202, 102);(106, 206);(103, 203);(102, 202);(206, 106);(111, 210);(203, 103);(111, 211);(210, 110);(204, 104);
Tech02-B01-R01;RamdonSeq;8;26;15;1;14;7;23;10;0;22;9;19;21;25;4;12;27;5;16;6;3;2;20;13;17;11;24;18;

Tech02-B01-R01-T01-N01;1;108;208;True;True;True;throw_catch_success;1684;206;233;172;100;1478;1442;36;(878.8, 1276.0);(561.2, 1924.0);(961.7, 1233.3);(1286.7, 1316.7);(625.1, 1854.4);(625.1, 1854.4);(878.8, 1276.0);(1296.1, 1382.9);(-143.9, 1382.9);(625.1, 1854.4);None;1#108#208#878.8335#1275.968#1629406181952#1629406182124#1629406182158#1629406183636#961.6667#1233.333#1286.667#1316.667#878.8335#1275.968#1296.058#1382.948#;1#108#208#561.1665#1924.032#1629406183386#1629406183486#1629406182177#1629406183619#625.1212#1854.447#625.1212#1854.447#-143.9424#1382.948#625.1212#1854.447#;concave;180;
Tech02-B01-R01-T02-N02;2;211;110;True;True;True;throw_catch_success;1649;293;267;-1629406185572;73;1356;1338;18;(1296.1, 3040.1);(143.9, 3040.1);(1297.9, 3036.1);(0.0, 0.0);(195.0, 3025.0);(195.0, 3025.0);(1296.1, 3040.1);(143.9, 2739.0);(1583.9, 2739.0);(195.0, 3025.0);None;2#211#110#1296.058#3040.144#1629406185572#0#1629406185865#1629406187221#1297.897#3036.118#0#0#1296.058#3040.144#143.9424#2739.023#;2#211#110#143.9424#3040.144#1629406186943#1629406187016#1629406185872#1629406187210#195.0001#3025#195.0001#3025#1583.942#2739.023#195.0001#3025#;concave;180;
Tech02-B01-R01-T03-N03;3;201;101;True;True;True;throw_catch_success;1674;384;301;-1629406189931;45;1290;1253;37;(1122.4, 951.9);(317.6, 2248.1);(1211.6, 940.2);(0.0, 0.0);(353.3, 2250.0);(353.3, 2250.0);(1122.4, 951.9);(143.9, 951.9);(1583.9, 951.9);(353.3, 2250.0);None;3#201#101#1122.405#951.9352#1629406189931#0#1629406190315#1629406191605#1211.644#940.1617#0#0#1122.405#951.9352#143.9424#951.9352#;3#201#101#317.595#2248.065#1629406191272#1629406191317#1629406190320#1629406191573#353.3334#2250#353.3334#2250#1583.942#951.9352#353.3334#2250#;concave;180;
Tech02-B01-R01-T04-N04;4;101;201;True;True;True;throw_catch_success;1664;212;328;173;59;1452;1433;19;(317.6, 2248.1);(1122.4, 951.9);(345.0, 2250.0);(978.3, 2275.0);(1177.1, 914.3);(1177.1, 914.3);(317.6, 2248.1);(1296.1, 2286.7);(-143.9, 2286.7);(1177.1, 914.3);None;4#101#201#317.595#2248.065#1629406192304#1629406192477#1629406192516#1629406193968#345.0001#2250#978.3334#2275#317.595#2248.065#1296.058#2286.688#;4#101#201#1122.405#951.9352#1629406193625#1629406193684#1629406192520#1629406193953#1177.143#914.2858#1177.143#914.2858#-143.9424#2286.688#1177.143#914.2856#;concave;180;
