
2021/8/12 0:16:50
B01;NDH_hi_DH_hi;protrait;concave;90;
B01;concave;180;


2021/8/13 18:19:01
B01;NDH_hi_DH_hi;protrait;concave;90;
B01;concave;180;

B01-R01;Target1;110;204;106;101;201;
B01-R01;Target2;211;104;206;201;101;
B01-R01;AllTargets;(110, 211);(204, 104);(106, 206);(101, 201);(201, 101);
B01-R01;RamdonSeq;12;18;6;1;15;9;4;19;25;5;23;11;10;27;17;26;16;24;13;20;14;21;2;0;3;7;22;8;


2021/8/14 1:54:54
B01;NDH_hi_DH_hi;protrait;concave;90;
B01;concave;180;

B01-R01;Target1;110;203;201;109;208;111;101;107;111;106;205;200;210;209;211;211;206;110;100;202;105;207;204;108;103;210;104;102;
B01-R01;Target2;211;103;101;209;108;211;201;207;210;206;105;100;111;109;111;110;106;210;200;102;205;107;104;208;203;110;204;202;
B01-R01;AllTargets;(110, 211);(203, 103);(201, 101);(109, 209);(208, 108);(111, 211);(101, 201);(107, 207);(111, 210);(106, 206);(205, 105);(200, 100);(210, 111);(209, 109);(211, 111);(211, 110);(206, 106);(110, 210);(100, 200);(202, 102);(105, 205);(207, 107);(204, 104);(108, 208);(103, 203);(210, 110);(104, 204);(102, 202);
B01-R01;RamdonSeq;12;17;15;9;22;11;1;7;13;6;19;14;27;23;25;26;20;10;0;16;5;21;18;8;3;24;4;2;

;0;0;0;False;False;False;0;0;0;0;0;0;(0.0, 0.0);(0.0, 0.0);0;0;0;0;0;0;0;0;0;0;T1NoError;T2NoError;concave;180;
;0;0;0;False;False;False;0;0;0;0;0;0;(0.0, 0.0);(0.0, 0.0);0;0;0;0;0;0;0;0;0;0;T1NoError;T2NoError;concave;180;
;0;0;0;False;False;False;0;0;0;0;0;0;(0.0, 0.0);(0.0, 0.0);0;0;0;0;0;0;0;0;0;0;T1NoError;T2NoError;concave;180;
;0;0;0;False;False;False;0;0;0;0;0;0;(0.0, 0.0);(0.0, 0.0);0;0;0;0;0;0;0;0;0;0;T1NoError;T2NoError;concave;180;
;0;0;0;False;False;False;0;0;0;0;0;0;(0.0, 0.0);(0.0, 0.0);0;0;0;0;0;0;0;0;0;0;T1NoError;T2NoError;concave;180;
;0;0;0;False;False;False;0;0;0;0;0;0;(0.0, 0.0);(0.0, 0.0);0;0;0;0;0;0;0;0;0;0;T1NoError;T2NoError;concave;180;
;0;0;0;False;False;False;0;0;0;0;0;0;(0.0, 0.0);(0.0, 0.0);0;0;0;0;0;0;0;0;0;0;T1NoError;T2NoError;concave;180;
;0;0;0;False;False;False;0;0;0;0;0;0;(0.0, 0.0);(0.0, 0.0);0;0;0;0;0;0;0;0;0;0;T1NoError;T2NoError;concave;180;
