2021/8/18 16:23:56
All block conditions of user312
Posture:
2;2;2;2;2;2;2;2;2;2;1;1;1;1;1;1;1;1;1;1;0;0;0;0;0;0;0;0;0;0;
Orientation: 
1;1;1;1;1;0;0;0;0;0;0;0;0;0;0;1;1;1;1;1;1;1;1;1;1;0;0;0;0;0;
Shape:
2;2;1;0;0;0;0;1;2;2;2;2;1;0;0;0;0;1;2;2;2;2;1;0;0;0;0;1;2;2;
Angle:
4;3;2;1;0;0;1;2;3;4;4;3;2;1;0;0;1;2;3;4;4;3;2;1;0;0;1;2;3;4;


2021/8/18 16:23:58
B01;NDH_h0_DH_0i;landscape;convex;270;
B01;convex;180;


Tech00-B01-R01;Target1;106;111;102;110;207;109;107;210;103;111;204;110;210;104;206;205;202;208;101;203;211;108;201;209;105;200;100;211;
Tech00-B01-R01;Target2;206;210;202;211;107;209;207;111;203;211;104;210;110;204;106;105;102;108;201;103;110;208;101;109;205;100;200;111;
Tech00-B01-R01;AllTargets;(106, 206);(111, 210);(102, 202);(110, 211);(207, 107);(109, 209);(107, 207);(210, 111);(103, 203);(111, 211);(204, 104);(110, 210);(210, 110);(104, 204);(206, 106);(205, 105);(202, 102);(208, 108);(101, 201);(203, 103);(211, 110);(108, 208);(201, 101);(209, 109);(105, 205);(200, 100);(100, 200);(211, 111);
Tech00-B01-R01;RamdonSeq;6;13;2;12;21;9;7;27;3;11;18;10;24;4;20;19;16;22;1;17;26;8;15;23;5;14;0;25;

Tech00-B01-R01-T01-N01;1;106;206;True;True;True;direct_drag_success;3920;934;1183;934;1183;2986;2975;11;(811.4, 1930.2);(1339.7, 1269.8);(44.5, 1266.5);(618.7, 1274.9);(878.8, 1924.0);(1407.1, 1263.7);(-32.9, 1263.7);(541.2, 1272.2);None;1#106#206#878.8335#1924.032#1629329040346#1629329041280#1629329041280#1629329044266#811.4286#1930.159#1339.683#1269.841#878.8335#1924.032#1407.088#1263.715#;1#106#206#561.1665#1275.968#1629329043075#1629329044258#1629329041283#1629329044258#44.53827#1266.491#618.6807#1274.934#-32.91246#1263.715#541.23#1272.158#;convex;180;
Tech00-B01-R01-T02-N02;2;111;210;False;True;False;drag_2_failed_to_leave_junction;-1629329045819;1040;-1629329050465;1040;2469;-1629329046859;-1629329046866;7;(110.5, 132.1);(1492.1, 660.3);(154.3, 717.7);(86.8, 1671.8);(143.9, 159.9);(1525.5, 688.1);(85.5, 688.1);(0.0, 0.0);None;2#111#210#143.9424#159.8559#1629329045819#1629329046859#1629329046859#0#110.4762#132.0635#1492.064#660.3175#143.9424#159.8559#1525.53#688.11#;2#111#210#1296.058#159.8559#1629329050465#1629329052934#1629329046866#0#154.3008#717.678#86.75463#1671.768#85.52977#688.11#0#0#;convex;180;
Tech00-B01-R01-T03-N03;3;102;202;False;True;False;drag_2_failed_to_leave_junction;-1629329054658;1103;-1629329057272;1103;801;-1629329055761;-1629329055762;1;(80.0, 1635.6);(1380.3, 1503.5);(112.1, 1494.5);(86.8, 1950.4);(143.9, 1600.0);(1444.3, 1467.9);(4.3, 1467.9);(0.0, 0.0);None;3#102#202#143.9424#1600#1629329054658#1629329055761#1629329055761#0#80#1635.556#1380.318#1503.492#143.9424#1600#1444.26#1467.936#;3#102#202#1296.058#1600#1629329057272#1629329058073#1629329055762#0#112.0844#1494.459#86.75463#1950.396#4.25982#1467.936#0#0#;convex;180;
Tech00-B01-R01-T04-N04;4;110;211;True;True;True;direct_drag_success;3485;903;852;903;852;2582;2566;16;(110.5, 3047.6);(1380.3, 2031.7);(69.9, 2001.1);(1353.2, 2980.5);(143.9, 3040.1);(1413.8, 2024.3);(-26.2, 2024.3);(1257.2, 3003.7);None;4#110#211#143.9424#3040.144#1629329060791#1629329061694#1629329061694#1629329064276#110.4762#3047.619#1380.318#2031.746#143.9424#3040.144#1413.784#2024.271#;4#110#211#1296.058#3040.144#1629329063413#1629329064265#1629329061699#1629329064265#69.86809#2001.055#1353.245#2980.475#-26.21621#2024.271#1257.161#3003.691#;convex;180;
Tech00-B01-R01-T05-N05;5;207;107;False;True;False;drag_2_failed_to_leave_junction;-1629329065263;1030;-1629329067274;1030;862;-1629329066293;-1629329066298;5;(720.0, 1578.9);(112.1, 1511.3);(1370.2, 1544.1);(1339.7, 1960.6);(648.0, 1600.0);(40.1, 1532.5);(1480.1, 1532.5);(0.0, 0.0);None;5#207#107#647.9928#1600#1629329065263#1629329066293#1629329066293#0#720#1578.892#112.0844#1511.346#647.9928#1600#40.07722#1532.454#;5#207#107#792.0072#1600#1629329067274#1629329068136#1629329066298#0#1370.159#1544.127#1339.683#1960.635#1480.077#1532.454#0#0#;convex;180;
Tech00-B01-R01-T06-N06;6;109;209;False;True;False;drag_2_failed_to_leave_junction;-1629329069303;911;-1629329072097;911;632;-1629329070214;-1629329070216;2;(1055.2, 1005.7);(1349.8, 1239.4);(61.4, 1308.7);(61.4, 1629.6);(1116.0, 1038.8);(1410.6, 1272.4);(-29.4, 1272.4);(0.0, 0.0);None;6#109#209#1116.04#1038.761#1629329069303#1629329070214#1629329070214#0#1055.238#1005.714#1349.841#1239.365#1116.04#1038.761#1410.643#1272.412#;6#109#209#323.9604#2161.239#1629329072097#1629329072729#1629329070216#0#61.42481#1308.707#61.42481#1629.551#-29.35736#1272.412#0#0#;convex;180;
Tech00-B01-R01-T07-N07;7;107;207;False;True;False;drag_2_failed_to_leave_junction;-1629329074618;1043;-1629329077258;1043;1082;-1629329075661;-1629329075663;2;(801.3, 1574.6);(1441.3, 1056.5);(36.1, 1089.2);(78.3, 1629.6);(792.0, 1600.0);(1432.0, 1081.9);(-8.0, 1081.9);(0.0, 0.0);None;7#107#207#792.0072#1600#1629329074618#1629329075661#1629329075661#0#801.2699#1574.603#1441.27#1056.508#792.0072#1600#1432.007#1081.905#;7#107#207#647.9928#1600#1629329077258#1629329078340#1629329075663#0#36.095#1089.182#78.31136#1629.551#-7.992811#1081.905#0#0#;convex;180;
Tech00-B01-R01-T08-N08;8;210;111;False;True;False;drag_2_failed_to_touch;-1629329079489;1529;-1629329082274;1529;-1629329082274;-1629329081018;-1629329081027;9;(1361.7, 194.2);(19.2, 1190.5);(1339.7, 1269.8);(0.0, 0.0);(1296.1, 159.9);(-46.4, 1156.2);(1393.6, 1147.7);(0.0, 0.0);None;8#210#111#1296.058#159.8559#1629329079489#1629329081018#1629329081018#0#1361.689#194.1952#19.20846#1190.501#1296.058#159.8559#-46.42256#1156.162#;8#210#111#143.9424#159.8559#1629329082274#0#1629329081027#0#1339.683#1269.841#0#0#1393.578#1147.719#0#0#;convex;180;
Tech00-B01-R01-T09-N09;9;103;203;False;True;False;drag_2_failed_to_leave_junction;-1629329083460;1011;-1629329085684;1011;544;-1629329084471;-1629329084477;6;(334.0, 914.3);(1421.0, 670.5);(44.5, 717.7);(53.0, 1030.1);(317.6, 951.9);(1404.6, 708.1);(-35.4, 708.1);(0.0, 0.0);None;9#103#203#317.595#951.9352#1629329083460#1629329084471#1629329084471#0#333.9683#914.2858#1420.952#670.4762#317.595#951.9352#1404.579#708.1256#;9#103#203#1122.405#2248.065#1629329085684#1629329086228#1629329084477#0#44.53827#717.678#52.98154#1030.079#-35.42087#708.1255#0#0#;convex;180;
Tech00-B01-R01-T10-N10;10;111;211;False;True;False;drag_2_failed_to_leave_junction;-1629329087594;1109;-1629329090268;1108;723;-1629329088703;-1629329088706;3;(49.5, 172.7);(1349.8, 782.2);(27.7, 819.0);(53.0, 1131.4);(143.9, 159.9);(1444.3, 769.4);(14.4, 769.4);(0.0, 0.0);None;10#111#211#143.9424#159.8559#1629329087594#1629329088702#1629329088703#0#49.52381#172.6984#1349.841#782.2222#143.9424#159.8559#1444.26#769.3797#;10#111#211#1296.058#3040.144#1629329090268#1629329090991#1629329088706#0#27.65173#818.9973#52.98154#1131.398#14.41857#769.3796#0#0#;convex;180;
Tech00-B01-R01-T11-N11;11;204;104;False;True;False;drag_2_failed_to_leave_junction;-1629329091953;1213;-1629329094995;1213;807;-1629329093166;-1629329093171;5;(694.7, 2761.0);(69.9, 2051.7);(1349.8, 2052.1);(1299.0, 1574.6);(648.0, 2722.2);(23.2, 2013.0);(1463.2, 2013.0);(0.0, 0.0);None;11#204#104#647.9928#2722.189#1629329091953#1629329093166#1629329093166#0#694.6702#2760.95#69.86809#2051.715#647.9928#2722.189#23.19072#2012.954#;11#204#104#792.0072#477.5201#1629329094995#1629329095802#1629329093171#0#1349.841#2052.063#1299.048#1574.603#1463.191#2012.954#0#0#;convex;180;
Tech00-B01-R01-T12-N12;12;110;210;True;True;True;direct_drag_success;3759;1172;891;1172;891;2587;2574;13;(59.7, 3047.6);(1380.3, 1899.7);(61.4, 1933.5);(1327.9, 185.8);(143.9, 3040.1);(1464.6, 1892.2);(24.6, 1892.2);(1291.1, 161.3);None;12#110#210#143.9424#3040.144#1629329118903#1629329120075#1629329120075#1629329122662#59.68254#3047.619#1380.318#1899.683#143.9424#3040.144#1464.577#1892.208#;12#110#210#1296.058#159.8559#1629329121765#1629329122656#1629329120082#1629329122656#61.42481#1933.509#1327.916#185.7519#24.57719#1892.208#1291.068#161.3368#;convex;180;
Tech00-B01-R01-T13-N13;13;210;110;True;True;True;direct_drag_success;3456;996;1015;996;1015;2460;2446;14;(1370.1, 135.1);(86.8, 954.1);(1390.5, 995.6);(49.5, 3057.8);(1296.1, 159.9);(12.7, 978.9);(1452.7, 978.9);(162.5, 3020.8);None;13#210#110#1296.058#159.8559#1629329123692#1629329124688#1629329124688#1629329127148#1370.132#135.0923#86.75463#954.0897#1296.058#159.8559#12.68037#978.8534#;13#210#110#143.9424#3040.144#1629329126128#1629329127143#1629329124697#1629329127143#1390.476#995.5556#49.52381#3057.778#1452.68#978.8533#162.5216#3020.758#;convex;180;
Tech00-B01-R01-T14-N14;14;104;204;True;True;True;direct_drag_success;3548;1126;899;1126;899;2422;2408;14;(740.3, 487.6);(1329.5, 1107.3);(19.2, 1123.0);(694.7, 2761.0);(792.0, 477.5);(1381.2, 1097.2);(-58.8, 1097.2);(616.7, 2735.2);None;14#104#204#792.0072#477.5201#1629329128391#1629329129517#1629329129517#1629329131939#740.3175#487.6191#1329.524#1107.302#792.0072#477.5201#1381.214#1097.203#;14#104#204#647.9928#2722.189#1629329131030#1629329131929#1629329129521#1629329131929#19.20846#1122.955#694.6702#2760.95#-58.78655#1097.203#616.6752#2735.198#;convex;180;
Tech00-B01-R01-T15-N15;15;206;106;True;True;True;direct_drag_success;2453;708;777;708;777;1745;1727;18;(584.9, 1367.8);(-14.6, 1714.0);(1349.8, 1625.4);(841.9, 1960.6);(561.2, 1276.0);(-38.3, 1622.1);(1401.7, 1613.7);(893.8, 1948.9);None;15#206#106#561.1665#1275.968#1629329132842#1629329133550#1629329133550#1629329135295#584.9077#1367.81#-14.56463#1713.984#561.1665#1275.968#-38.30572#1622.142#;15#206#106#878.8335#1924.032#1629329134511#1629329135288#1629329133561#1629329135288#1349.841#1625.397#841.9048#1960.635#1401.694#1613.698#893.7579#1948.937#;convex;180;
Tech00-B01-R01-T16-N16;16;205;105;False;False;False;drag_1_left_junction_after_arrive;-1629329136968;-1629329136968;0;1238;0;0;0;0;(323.2, 1047.0);(745.3, 1359.4);(0.0, 0.0);(0.0, 0.0);(324.0, 1038.8);(746.1, 1351.2);(0.0, 0.0);(0.0, 0.0);None;16#205#105#323.9604#1038.761#1629329136968#1629329138206#0#0#323.1662#1046.966#745.3298#1359.367#323.9604#1038.761#746.124#1351.162#;16#205#105#1116.04#2161.239#0#0#0#0#0#0#0#0#0#0#0#0#;convex;180;
Tech00-B01-R01-T17-N17;17;202;102;False;False;False;drag_1_left_junction_after_arrive;-1629329139183;-1629329139183;0;1113;0;0;0;0;(1336.4, 1663.3);(449.8, 1562.0);(0.0, 0.0);(0.0, 0.0);(1296.1, 1600.0);(409.5, 1498.7);(0.0, 0.0);(0.0, 0.0);None;17#202#102#1296.058#1600#1629329139183#1629329140296#0#0#1336.359#1663.324#449.8153#1562.005#1296.058#1600#409.5142#1498.681#;17#202#102#143.9424#1600#0#0#0#0#0#0#0#0#0#0#0#0#;convex;180;
Tech00-B01-R01-T18-N18;18;208;108;False;True;False;drag_2_failed_to_arrive_pos;-1629329141858;1653;560;1653;560;-1629329143511;2271;-1629329145782;(635.6, 1925.1);(36.1, 1401.6);(1329.5, 1391.7);(760.6, 1889.5);(561.2, 1924.0);(-38.3, 1400.6);(1401.7, 1400.6);(832.8, 1898.3);None;18#208#108#561.1665#1924.032#1629329141858#1629329143511#1629329143511#0#635.5673#1925.066#36.095#1401.583#561.1665#1924.032#-38.30572#1400.55#;18#208#108#878.8335#1275.968#1629329145223#1629329145783#1629329143512#1629329145783#1329.524#1391.746#760.6349#1889.524#1401.694#1400.55#832.8054#1898.327#;convex;180;
Tech00-B01-R01-T19-N19;19;101;201;False;False;False;drag_1_left_junction_after_arrive;-1629329147218;-1629329147218;0;1305;0;0;0;0;(212.1, 2245.1);(689.5, 1076.8);(0.0, 0.0);(0.0, 0.0);(317.6, 2248.1);(795.1, 1079.8);(0.0, 0.0);(0.0, 0.0);None;19#101#201#317.595#2248.065#1629329147218#1629329148523#0#0#212.0635#2245.079#689.5238#1076.825#317.595#2248.065#795.0552#1079.811#;19#101#201#1122.405#951.9352#0#0#0#0#0#0#0#0#0#0#0#0#;convex;180;
Tech00-B01-R01-T20-N20;20;203;103;False;True;False;drag_2_failed_to_arrive_pos;-1629329151238;890;1202;890;1202;-1629329152128;2186;-1629329154314;(1066.2, 2254.4);(-23.0, 1773.1);(1390.5, 1737.1);(415.2, 1036.2);(1122.4, 2248.1);(33.2, 1766.8);(1473.2, 1766.8);(498.0, 1065.8);None;20#203#103#1122.405#2248.065#1629329151238#1629329152128#1629329152128#0#1066.174#2254.354#-23.0079#1773.087#1122.405#2248.065#33.22287#1766.798#;20#203#103#317.595#951.9352#1629329153129#1629329154331#1629329152145#1629329154331#1390.476#1737.143#415.2381#1036.191#1473.223#1766.798#497.9848#1065.846#;convex;180;
Tech00-B01-R01-T21-N21;21;211;110;False;True;False;drag_2_rearrived_junction_after_leave;-1629329167965;1247;1156;1247;1156;-1629329169212;3048;-1629329172260;(1361.7, 3031.1);(69.9, 2119.3);(1329.5, 2102.9);(1370.2, 1391.7);(1296.1, 3040.1);(4.2, 2128.3);(1444.2, 2128.3);(1484.9, 1417.2);None;21#211#110#1296.058#3040.144#1629329167965#1629329169212#1629329169212#0#1361.689#3031.135#69.86809#2119.261#1296.058#3040.144#4.237075#2128.271#;21#211#110#143.9424#3040.144#1629329171112#1629329172268#1629329169220#1629329172268#1329.524#2102.857#1370.159#1391.746#1444.237#2128.271#1484.872#1417.16#;convex;180;
Tech00-B01-R01-T22-N22;22;108;208;False;True;False;drag_2_rearrived_junction_after_leave;-1629329173312;873;1036;873;1036;-1629329174185;2860;-1629329177045;(841.9, 1280.0);(1370.2, 1087.0);(44.5, 1063.9);(2.3, 903.4);(878.8, 1276.0);(1407.1, 1083.0);(-32.9, 1083.0);(-75.1, 922.5);None;22#108#208#878.8335#1275.968#1629329173312#1629329174185#1629329174185#0#841.9048#1280#1370.159#1086.984#878.8335#1275.968#1407.088#1082.952#;22#108#208#561.1665#1924.032#1629329176016#1629329177052#1629329174192#1629329177052#44.53827#1063.852#2.321913#903.43#-32.91246#1082.952#-75.1288#922.5295#;convex;180;
Tech00-B01-R01-T23-N23;23;201;101;False;True;False;drag_2_failed_to_touch;-1629329178027;1133;-1629329180268;1133;-1629329180268;-1629329179160;-1629329179161;1;(1150.6, 945.6);(61.4, 987.9);(1339.7, 985.4);(0.0, 0.0);(1122.4, 951.9);(33.2, 994.2);(1473.2, 994.2);(0.0, 0.0);None;23#201#101#1122.405#951.9352#1629329178027#1629329179160#1629329179160#0#1150.607#945.6464#61.42481#987.8627#1122.405#951.9352#33.223#994.1515#;23#201#101#317.595#2248.065#1629329180268#0#1629329179161#0#1339.683#985.3969#0#0#1473.223#994.1515#0#0#;convex;180;
Tech00-B01-R01-T24-N24;24;209;109;False;True;False;drag_2_rearrived_junction_after_leave;-1629329181815;566;1168;566;1168;-1629329182381;2033;-1629329184414;(289.4, 2203.7);(-48.3, 1866.0);(1319.4, 1787.9);(1268.6, 1249.5);(324.0, 2161.2);(-13.8, 1823.5);(1426.2, 1823.5);(1375.4, 1285.1);None;24#209#109#323.9604#2161.239#1629329181815#1629329182381#1629329182381#0#289.3932#2203.694#-48.33772#1865.963#323.9604#2161.239#-13.7705#1823.508#;24#209#109#1116.04#1038.761#1629329183249#1629329184417#1629329182384#1629329184417#1319.365#1787.937#1268.571#1249.524#1426.229#1823.508#1375.436#1285.095#;convex;180;
Tech00-B01-R01-T25-N25;25;105;205;False;True;False;drag_2_failed_to_arrive_pos;-1629329185584;824;1344;824;1344;-1629329186408;2868;-1629329189276;(1065.4, 2214.6);(1349.8, 1676.2);(53.0, 1663.3);(660.9, 1156.7);(1116.0, 2161.2);(1400.5, 1622.8);(-39.5, 1622.8);(568.4, 1116.2);None;25#105#205#1116.04#2161.239#1629329185584#1629329186408#1629329186408#0#1065.397#2214.603#1349.841#1676.191#1116.04#2161.239#1400.484#1622.826#;25#105#205#323.9604#1038.761#1629329187938#1629329189282#1629329186414#1629329189282#52.98154#1663.324#660.8971#1156.728#-39.51593#1622.826#568.3996#1116.23#;convex;180;
Tech00-B01-R01-T26-N26;26;200;100;False;True;False;drag_2_failed_to_arrive_pos;-1629329190381;1064;1399;1064;1399;-1629329191445;2786;-1629329194231;(711.6, 430.6);(19.2, 810.6);(1339.7, 863.5);(323.8, 2712.4);(648.0, 477.8);(-44.4, 857.8);(1395.6, 857.8);(379.8, 2706.6);None;26#200#100#647.9928#477.8109#1629329190381#1629329191445#1629329191445#0#711.5567#430.6068#19.20846#810.554#647.9928#477.8109#-44.3555#857.7581#;26#200#100#792.0072#2722.48#1629329192833#1629329194232#1629329191446#1629329194232#1339.683#863.4921#323.8095#2712.381#1395.645#857.7581#379.7715#2706.647#;convex;180;
Tech00-B01-R01-T27-N27;27;100;200;False;True;False;drag_2_rearrived_junction_after_leave;-1629329195352;946;1293;946;1293;-1629329196298;2862;-1629329199160;(730.2, 2793.7);(1360.0, 1777.8);(95.2, 1730.9);(103.6, 1266.5);(792.0, 2722.5);(1421.8, 1706.6);(-18.2, 1726.9);(-9.7, 1262.5);None;27#100#200#792.0072#2722.48#1629329195352#1629329196298#1629329196298#0#730.1588#2793.651#1360#1777.778#792.0072#2722.48#1421.848#1706.607#;27#100#200#647.9928#477.8109#1629329197872#1629329199165#1629329196303#1629329199165#95.1979#1730.871#103.6412#1266.491#-18.15156#1726.925#-9.708309#1262.544#;convex;180;
Tech00-B01-R01-T28-N28;28;211;111;True;True;True;direct_drag_success;3212;1273;999;1273;999;1939;1930;9;(1285.7, 3014.2);(-124.3, 1460.7);(1299.0, 1442.5);(201.9, 182.9);(1296.1, 3040.1);(-114.0, 1486.6);(1326.0, 1486.6);(228.9, 226.9);None;28#211#111#1296.058#3040.144#1629329200290#1629329201563#1629329201563#1629329203502#1285.699#3014.248#-124.3272#1460.686#1296.058#3040.144#-113.9686#1486.582#;28#211#111#143.9424#159.8559#1629329202499#1629329203498#1629329201568#1629329203498#1299.048#1442.54#201.9048#182.8571#1326.031#1486.582#228.8885#226.8994#;convex;180;
Tech00-B01-R01-T02-N29;2;111;210;False;True;False;drag_2_failed_to_touch;-1629329204649;991;-1629329206760;991;-1629329206760;-1629329205640;-1629329205642;2;(100.3, 152.4);(1421.0, 741.6);(365.4, 1021.6);(0.0, 0.0);(143.9, 159.9);(1464.6, 749.1);(14.4, 749.1);(0.0, 0.0);None;2#111#210#143.9424#159.8559#1629329204649#1629329205640#1629329205640#0#100.3175#152.381#1420.952#741.5873#143.9424#159.8559#1464.577#749.0624#;2#111#210#1296.058#159.8559#1629329206760#0#1629329205642#0#365.3826#1021.636#0#0#14.41857#749.0624#0#0#;convex;180;
Tech00-B01-R01-T03-N30;3;102;202;False;True;False;drag_2_failed_to_arrive_pos;-1629329207987;958;634;957;634;-1629329208945;2730;-1629329211675;(49.5, 1615.2);(1288.9, 1371.4);(19.2, 1359.4);(1218.2, 895.0);(143.9, 1600.0);(1383.3, 1356.2);(-56.7, 1356.2);(1142.3, 891.8);None;3#102#202#143.9424#1600#1629329207987#1629329208944#1629329208945#0#49.52381#1615.238#1288.889#1371.429#143.9424#1600#1383.307#1356.19#;3#102#202#1296.058#1600#1629329211050#1629329211684#1629329208954#1629329211684#19.20846#1359.367#1218.153#894.9868#-56.69254#1356.19#1142.252#891.8104#;convex;180;
Tech00-B01-R01-T05-N31;5;207;107;False;True;False;drag_2_failed_to_touch;-1629329212592;802;-1629329214254;802;-1629329214254;-1629329213394;-1629329213398;4;(728.4, 1587.3);(69.9, 1325.6);(1227.9, 1330.8);(0.0, 0.0);(648.0, 1600.0);(-10.6, 1338.3);(1429.4, 1338.3);(0.0, 0.0);None;5#207#107#647.9928#1600#1629329212592#1629329213394#1629329213394#0#728.4433#1587.335#69.86809#1325.594#647.9928#1600#-10.58249#1338.259#;5#207#107#792.0072#1600#1629329214254#0#1629329213398#0#1227.937#1330.794#0#0#1429.418#1338.259#0#0#;convex;180;
Tech00-B01-R01-T06-N32;6;109;209;True;True;True;direct_drag_success;3012;797;790;797;790;2215;2206;9;(1075.6, 1046.3);(1339.7, 1087.0);(69.9, 1123.0);(475.1, 2178.4);(1116.0, 1038.8);(1380.2, 1079.4);(-39.5, 1099.7);(365.8, 2155.1);None;6#109#209#1116.04#1038.761#1629329216064#1629329216861#1629329216861#1629329219076#1075.556#1046.349#1339.683#1086.984#1116.04#1038.761#1380.167#1079.396#;6#109#209#323.9604#2161.239#1629329218280#1629329219070#1629329216864#1629329219070#69.86809#1122.955#475.1451#2178.364#-39.51593#1099.714#365.7611#2155.123#;convex;180;
Tech00-B01-R01-T07-N33;7;107;207;True;True;True;direct_drag_success;3480;688;1173;688;1173;2792;2784;8;(770.8, 1615.2);(1410.8, 1351.1);(78.3, 1334.0);(728.4, 1595.8);(792.0, 1600.0);(1432.0, 1335.9);(-8.0, 1335.9);(642.1, 1597.6);None;7#107#207#792.0072#1600#1629329221829#1629329222517#1629329222517#1629329225309#770.7937#1615.238#1410.794#1351.111#792.0072#1600#1432.007#1335.873#;7#107#207#647.9928#1600#1629329224131#1629329225304#1629329222520#1629329225304#78.31136#1334.037#728.4433#1595.778#-7.992983#1335.873#642.139#1597.614#;convex;180;
Tech00-B01-R01-T08-N34;8;210;111;True;True;True;direct_drag_success;3571;1322;1123;1322;1123;2249;2228;21;(1378.6, 152.0);(44.5, 455.9);(1360.0, 467.3);(69.8, 132.1);(1296.1, 159.9);(-38.0, 463.8);(1402.0, 463.8);(203.3, 169.2);None;8#210#111#1296.058#159.8559#1629329261616#1629329262938#1629329262938#1629329265187#1378.575#151.9788#44.53827#455.9366#1296.058#159.8559#-37.97922#463.8136#;8#210#111#143.9424#159.8559#1629329264046#1629329265169#1629329262941#1629329265169#1360#467.3016#69.84127#132.0635#1402.021#463.8136#203.2907#169.2106#;convex;180;
Tech00-B01-R01-T09-N35;9;103;203;True;True;True;direct_drag_success;3653;1035;1217;1035;1217;2618;2609;9;(242.5, 975.2);(1410.8, 619.7);(44.5, 658.6);(1142.2, 2279.7);(317.6, 951.9);(1485.8, 596.4);(45.8, 596.4);(1143.5, 2217.5);None;9#103#203#317.595#951.9352#1629329266276#1629329267311#1629329267311#1629329269929#242.5397#975.2382#1410.794#619.6826#317.595#951.9352#1485.849#596.3796#;9#103#203#1122.405#2248.065#1629329268710#1629329269927#1629329267318#1629329269927#44.53827#658.5751#1142.164#2279.683#45.84887#596.3796#1143.474#2217.488#;convex;180;
Tech00-B01-R01-T10-N36;10;111;211;True;True;True;direct_drag_success;4874;913;2642;913;2642;3961;3951;10;(120.6, 172.7);(1461.6, 761.9);(86.8, 700.8);(1311.0, 2972.0);(143.9, 159.9);(1484.9, 749.1);(44.9, 749.1);(1269.2, 3020.3);None;10#111#211#143.9424#159.8559#1629329272476#1629329273389#1629329273389#1629329277350#120.6349#172.6984#1461.587#761.9048#143.9424#159.8559#1484.895#749.0623#;10#111#211#1296.058#3040.144#1629329274700#1629329277342#1629329273391#1629329277342#86.75463#700.7915#1311.029#2972.032#44.8949#749.0623#1269.169#3020.302#;convex;180;
