2021/8/11 23:31:43
All block conditions of user3
Posture:
2;2;2;2;2;2;2;2;2;2;0;0;0;0;0;0;0;0;0;0;1;1;1;1;1;1;1;1;1;1;
Orientation: 
1;1;1;1;1;0;0;0;0;0;0;0;0;0;0;1;1;1;1;1;1;1;1;1;1;0;0;0;0;0;
Shape:
0;0;1;2;2;2;2;1;0;0;0;0;1;2;2;2;2;1;0;0;0;0;1;2;2;2;2;1;0;0;
Angle:
0;1;2;3;4;4;3;2;1;0;0;1;2;3;4;4;3;2;1;0;0;1;2;3;4;4;3;2;1;0;

2021/8/11 23:39:37
All block conditions of user3
Posture:
2;2;2;2;2;2;2;2;2;2;0;0;0;0;0;0;0;0;0;0;1;1;1;1;1;1;1;1;1;1;
Orientation: 
1;1;1;1;1;0;0;0;0;0;0;0;0;0;0;1;1;1;1;1;1;1;1;1;1;0;0;0;0;0;
Shape:
0;0;1;2;2;2;2;1;0;0;0;0;1;2;2;2;2;1;0;0;0;0;1;2;2;2;2;1;0;0;
Angle:
0;1;2;3;4;4;3;2;1;0;0;1;2;3;4;4;3;2;1;0;0;1;2;3;4;4;3;2;1;0;

