2021/8/18 16:23:56
All block conditions of user312
Posture:
2;2;2;2;2;2;2;2;2;2;1;1;1;1;1;1;1;1;1;1;0;0;0;0;0;0;0;0;0;0;
Orientation: 
1;1;1;1;1;0;0;0;0;0;0;0;0;0;0;1;1;1;1;1;1;1;1;1;1;0;0;0;0;0;
Shape:
2;2;1;0;0;0;0;1;2;2;2;2;1;0;0;0;0;1;2;2;2;2;1;0;0;0;0;1;2;2;
Angle:
4;3;2;1;0;0;1;2;3;4;4;3;2;1;0;0;1;2;3;4;4;3;2;1;0;0;1;2;3;4;

2021/8/18 16:36:06
All block conditions of user320
Posture:
1;1;1;1;1;1;1;1;1;1;0;0;0;0;0;0;0;0;0;0;2;2;2;2;2;2;2;2;2;2;
Orientation: 
1;1;1;1;1;0;0;0;0;0;0;0;0;0;0;1;1;1;1;1;1;1;1;1;1;0;0;0;0;0;
Shape:
2;2;1;0;0;0;0;1;2;2;2;2;1;0;0;0;0;1;2;2;2;2;1;0;0;0;0;1;2;2;
Angle:
4;3;2;1;0;0;1;2;3;4;4;3;2;1;0;0;1;2;3;4;4;3;2;1;0;0;1;2;3;4;

