
2021/8/14 1:47:16
B01;NDH_hi_DH_hi;protrait;convex;270;
B01;convex;180;

B01-R01;Target1;206;110;211;209;211;201;101;203;106;104;200;204;210;109;207;103;202;205;107;108;111;105;208;102;210;111;110;100;
B01-R01;Target2;106;211;110;109;111;101;201;103;206;204;100;104;111;209;107;203;102;105;207;208;210;205;108;202;110;211;210;200;
B01-R01;AllTargets;(206, 106);(110, 211);(211, 110);(209, 109);(211, 111);(201, 101);(101, 201);(203, 103);(106, 206);(104, 204);(200, 100);(204, 104);(210, 111);(109, 209);(207, 107);(103, 203);(202, 102);(205, 105);(107, 207);(108, 208);(111, 210);(105, 205);(208, 108);(102, 202);(210, 110);(111, 211);(110, 210);(100, 200);
B01-R01;RamdonSeq;20;12;26;23;25;15;1;17;6;4;14;18;27;9;21;3;16;19;7;8;13;5;22;2;24;11;10;0;

;0;0;0;False;False;False;0;0;0;0;0;0;(0.0, 0.0);(0.0, 0.0);0;0;0;0;0;0;0;0;0;0;T1NoError;T2NoError;convex;180;

2021/8/14 1:48:38
B01;NDH_hi_DH_hi;protrait;convex;270;
B01;convex;180;

B01-R01;Target1;110;203;201;101;211;210;110;111;207;109;211;111;205;200;210;107;102;104;209;106;100;206;105;208;204;202;108;103;
B01-R01;Target2;210;103;101;201;111;111;211;210;107;209;110;211;105;100;110;207;202;204;109;206;200;106;205;108;104;102;208;203;
B01-R01;AllTargets;(110, 210);(203, 103);(201, 101);(101, 201);(211, 111);(210, 111);(110, 211);(111, 210);(207, 107);(109, 209);(211, 110);(111, 211);(205, 105);(200, 100);(210, 110);(107, 207);(102, 202);(104, 204);(209, 109);(106, 206);(100, 200);(206, 106);(105, 205);(208, 108);(204, 104);(202, 102);(108, 208);(103, 203);
B01-R01;RamdonSeq;10;17;15;1;25;27;12;13;21;9;26;11;19;14;24;7;2;4;23;6;0;20;5;22;18;16;8;3;

;0;0;0;False;False;False;0;0;0;0;0;0;(0.0, 0.0);(0.0, 0.0);0;0;0;0;0;0;0;0;0;0;T1NoError;T2NoError;convex;180;
;0;0;0;False;False;False;0;0;0;0;0;0;(0.0, 0.0);(0.0, 0.0);0;0;0;0;0;0;0;0;0;0;T1NoError;T2NoError;convex;180;
;0;0;0;False;False;False;0;0;0;0;0;0;(0.0, 0.0);(0.0, 0.0);0;0;0;0;0;0;0;0;0;0;T1NoError;T2NoError;convex;180;
;0;0;0;False;False;False;0;0;0;0;0;0;(0.0, 0.0);(0.0, 0.0);0;0;0;0;0;0;0;0;0;0;T1NoError;T2NoError;convex;180;
;0;0;0;False;False;False;0;0;0;0;0;0;(0.0, 0.0);(0.0, 0.0);0;0;0;0;0;0;0;0;0;0;T1NoError;T2NoError;convex;180;
;0;0;0;False;False;False;0;0;0;0;0;0;(0.0, 0.0);(0.0, 0.0);0;0;0;0;0;0;0;0;0;0;T1NoError;T2NoError;convex;180;
;0;0;0;False;False;False;0;0;0;0;0;0;(0.0, 0.0);(0.0, 0.0);0;0;0;0;0;0;0;0;0;0;T1NoError;T2NoError;convex;180;
