2021/8/25 12:16:03
uid;1;Tec;0;0;0;0;0;0;0;0;0;0;
uid;1;Pos;0;0;0;0;0;0;0;0;0;0;
uid;1;Ori;0;0;0;0;0;1;1;1;1;1;
uid;1;Ang;0;1;2;3;4;4;3;2;1;0;

2021/8/25 12:16:27
uid;1;Tec;1;1;1;1;1;1;1;1;1;1;
uid;1;Pos;0;0;0;0;0;0;0;0;0;0;
uid;1;Ori;1;1;1;1;1;0;0;0;0;0;
uid;1;Ang;0;1;2;3;4;4;3;2;1;0;

2021/8/25 12:16:43
uid;1;Tec;2;2;2;2;2;2;2;2;2;2;
uid;1;Pos;0;0;0;0;0;0;0;0;0;0;
uid;1;Ori;0;0;0;0;0;1;1;1;1;1;
uid;1;Ang;0;1;2;3;4;4;3;2;1;0;

2021/8/25 12:16:58
uid;2;Tec;0;0;0;0;0;0;0;0;0;0;
uid;2;Pos;0;0;0;0;0;0;0;0;0;0;
uid;2;Ori;1;1;1;1;1;0;0;0;0;0;
uid;2;Ang;0;1;2;3;4;4;3;2;1;0;

2021/8/25 12:18:01
uid;1;Tec;1;1;1;1;1;1;1;1;1;1;
uid;1;Pos;0;0;0;0;0;0;0;0;0;0;
uid;1;Ori;1;1;1;1;1;0;0;0;0;0;
uid;1;Ang;0;1;2;3;4;4;3;2;1;0;

2021/8/25 12:18:18
uid;2;Tec;1;1;1;1;1;1;1;1;1;1;
uid;2;Pos;0;0;0;0;0;0;0;0;0;0;
uid;2;Ori;0;0;0;0;0;1;1;1;1;1;
uid;2;Ang;0;1;2;3;4;4;3;2;1;0;

2021/8/25 12:18:37
uid;2;Tec;2;2;2;2;2;2;2;2;2;2;
uid;2;Pos;0;0;0;0;0;0;0;0;0;0;
uid;2;Ori;1;1;1;1;1;0;0;0;0;0;
uid;2;Ang;0;1;2;3;4;4;3;2;1;0;

2021/8/25 13:20:37
uid;1;Tec;0;0;0;0;0;0;0;0;0;0;
uid;1;Pos;0;0;0;0;0;0;0;0;0;0;
uid;1;Ori;0;0;0;0;0;1;1;1;1;1;
uid;1;Ang;0;1;2;3;4;4;3;2;1;0;

