2021/8/14 1:47:08
All block conditions of user10
Posture:
0;0;0;0;0;0;0;0;0;0;2;2;2;2;2;2;2;2;2;2;1;1;1;1;1;1;1;1;1;1;
Orientation: 
0;0;0;0;0;1;1;1;1;1;1;1;1;1;1;0;0;0;0;0;0;0;0;0;0;1;1;1;1;1;
Shape:
2;2;1;0;0;0;0;1;2;2;2;2;1;0;0;0;0;1;2;2;2;2;1;0;0;0;0;1;2;2;
Angle:
4;3;2;1;0;0;1;2;3;4;4;3;2;1;0;0;1;2;3;4;4;3;2;1;0;0;1;2;3;4;

2021/8/14 1:48:22
All block conditions of user10
Posture:
0;0;0;0;0;0;0;0;0;0;2;2;2;2;2;2;2;2;2;2;1;1;1;1;1;1;1;1;1;1;
Orientation: 
0;0;0;0;0;1;1;1;1;1;1;1;1;1;1;0;0;0;0;0;0;0;0;0;0;1;1;1;1;1;
Shape:
2;2;1;0;0;0;0;1;2;2;2;2;1;0;0;0;0;1;2;2;2;2;1;0;0;0;0;1;2;2;
Angle:
4;3;2;1;0;0;1;2;3;4;4;3;2;1;0;0;1;2;3;4;4;3;2;1;0;0;1;2;3;4;

